0123456012345601234560123456012345601234560123456012345601234560123456
0123456012345601234560123456012345601234560123456012345601234560123456
0123456012345601234560123456012345601234560123456012345601234560123456
0123456012345601234560123456012345601234560123456012345601234560123456
0123456012345601234560123456012345601234560123456012345601234560123456
0123456012345601234560123456012345601234560123456012345601234560123456
0123456012345601234560123456012345601234560123456012345601234560123456
0123456012345601234560123456012345601234560123456012345601234560123456
0123456012345601234560123456012345601234560123456012345601234560123456
0123456012345601234560123456012345601234560123456012345601234560123456
0123456012345601234560123456012345601234560123456012345601234560123456
0123456012345601234560123456012345601234560123456012345601234560123456